700
3 34.16 97.61
2 0 3326 2 4 1 3 61.14
7 0 85.93
1 0 2112 R
7 0 584.90
6 0 0
5 0 0
1 0 43 
2 0 3799 8 5 1 1 7.09
6 0 0
1 0 4052 R
1 0 5008 R
1 0 386 R
3 44.53 46.98
4 1 3
1 1 604 L
4 0 4
7 1 450.18
5 0 3
7 1 551.66
6 0 0
7 1 544.79
6 0 0
3 37.46 82.11
3 1.80 48.81
4 0 0
6 0 0
2 0 3974 6 5 1 1 77.36
6 0 0
7 0 414.15
5 0 2
2 0 5062 4 0 5 0 70.35
4 3 2
2 3 11086 10 0 5 4 34.11
1 2 1581 R
1 2 4879 
7 0 184.47
2 0 7683 2 1 2 5 12.91
7 0 173.64
6 4 3
1 0 1785 R
6 0 0
3 67.01 46.13
3 91.61 33.82
1 2 2458 
7 4 963.64
6 3 4
2 2 10963 6 3 4 3 89.77
1 2 3911 R
3 87.27 96.73
5 5 8
4 1 9
7 1 446.95
1 4 2155 L
4 1 9
1 0 1801 R
4 6 9
5 2 9
1 0 1797 
1 1 2670 
1 4 1942 L
2 3 4901 7 0 2 5 65.54
4 4 12
2 6 7409 2 4 2 4 10.37
5 1 14
6 1 6
4 7 10
1 0 5919 
2 1 4232 10 4 0 0 18.85
5 9 10
3 21.31 96.21
2 6 480 0 5 5 4 78.03
6 10 2
2 2 8439 4 2 2 3 66.88
5 1 2
5 11 10
2 1 4742 5 4 4 4 63.37
4 1 7
2 7 2449 6 2 2 3 29.97
3 31.58 57.39
5 0 3
1 3 3641 R
5 5 11
1 7 1081 R
1 6 4962 R
6 7 4
5 6 18
3 2.93 16.79
6 0 0
7 5 73.50
6 8 1
2 5 10926 7 4 2 3 41.23
3 81.35 99.67
4 12 18
5 11 2
6 14 0
1 4 4499 L
6 8 10
5 6 16
5 10 9
2 6 6517 7 2 0 2 89.23
5 8 5
7 5 637.64
7 15 128.84
3 48.90 93.49
7 11 578.08
3 56.57 65.03
5 10 12
5 3 15
6 11 10
5 2 18
3 28.20 45.40
7 8 894.70
1 12 3581 L
2 6 1930 10 2 4 0 86.79
3 83.14 2.39
6 8 5
6 2 7
1 1 2533 
3 58.42 41.23
4 9 2
2 7 10773 3 3 2 1 11.76
6 17 6
5 1 0
6 12 11
2 9 7320 10 3 3 3 98.14
2 10 6538 9 4 0 0 96.90
5 7 11
1 4 2088 R
3 65.92 53.07
4 15 17
6 9 1
7 9 662.35
1 15 740 L
1 9 2764 L
7 8 89.93
5 14 24
1 15 3476 L
2 9 72 8 4 5 2 12.85
2 13 8899 10 1 3 0 24.79
6 10 7
4 19 25
5 0 22
5 12 22
7 17 493.42
6 10 4
2 6 11721 8 2 0 5 67.34
7 2 470.46
2 4 1208 10 1 0 5 17.36
1 12 5017 L
3 9.23 86.46
3 65.85 45.58
4 4 4
5 14 3
6 15 11
6 14 9
1 1 4639 L
5 13 8
5 15 5
1 3 4394 L
5 4 20
2 13 5464 4 0 3 5 44.91
2 13 9408 10 0 1 0 24.35
1 16 629 L
2 5 8366 10 4 2 0 10.33
4 13 23
5 19 21
5 15 4
3 24.42 20.26
3 35.53 23.25
5 2 21
3 19.26 47.61
3 69.43 2.79
3 56.82 25.06
3 62.11 26.19
2 4 11720 5 3 5 5 26.76
2 24 2921 9 2 5 0 72.09
7 2 789.76
5 14 7
1 21 3579 L
7 6 696.62
5 1 19
6 15 15
2 20 2065 5 4 4 5 87.66
7 10 209.24
7 9 876.81
6 4 1
5 27 12
1 19 2340 
2 8 10552 9 3 1 2 32.57
4 1 18
4 20 18
2 9 358 10 3 4 1 80.14
1 15 5758 R
6 28 4
6 7 12
1 17 2422 
7 21 410.55
5 8 27
5 28 5
5 4 1
5 8 4
3 98.53 63.80
4 15 31
3 74.29 49.93
5 10 1
6 12 21
6 19 9
1 8 5565 R
7 30 662.72
2 4 10908 9 0 1 1 17.53
6 16 15
7 12 434.37
7 29 732.57
1 25 897 
5 14 23
2 8 6277 6 2 2 4 70.66
2 14 8325 10 1 3 0 71.11
5 23 14
4 9 20
6 4 18
3 86.09 59.50
2 6 11896 3 0 1 4 50.77
4 33 19
7 6 238.63
3 65.30 44.94
3 33.18 60.61
7 33 964.06
3 72.34 75.51
1 7 1976 
3 32.77 61.28
7 32 720.71
2 1 6182 4 0 1 2 83.08
2 15 10510 4 1 2 5 41.62
7 5 477.59
1 22 5856 
5 36 36
4 5 12
1 16 4879 R
3 52.82 93.28
3 78.74 74.04
3 7.03 33.20
2 24 11550 8 3 4 4 85.15
3 28.97 75.31
7 34 60.29
5 36 30
7 33 158.98
7 0 730.88
7 21 415.90
1 10 3768 
2 26 11877 3 4 3 4 77.57
6 2 23
5 5 35
7 33 910.78
6 25 11
1 16 730 L
2 34 9289 3 0 0 5 87.10
1 18 5731 R
1 23 3593 
6 5 26
4 25 9
5 21 1
3 8.61 97.30
3 97.09 32.92
1 10 2840 L
4 15 33
6 23 2
2 7 11891 5 2 5 3 57.56
1 37 5855 R
4 6 17
7 16 653.18
1 10 3222 R
3 60.74 40.04
3 65.71 20.95
7 26 71.87
4 9 34
7 21 575.46
1 1 3463 
2 19 2526 3 0 2 4 66.41
1 34 4386 
5 33 20
4 13 37
3 11.38 69.88
7 41 879.55
7 17 221.92
3 58.83 60.73
1 35 2429 R
6 23 26
6 29 22
7 34 438.85
1 22 2815 R
7 9 509.97
3 25.80 53.28
5 0 45
3 56.06 56.01
3 71.00 98.51
1 21 210 
3 92.90 34.34
2 5 7602 10 5 1 4 59.82
5 14 38
3 68.09 77.93
2 46 749 0 1 3 4 58.19
2 28 5117 2 1 5 4 97.42
4 32 15
5 39 15
5 16 44
2 1 6485 3 0 0 4 92.97
6 7 7
2 35 9633 6 1 2 2 33.84
5 6 31
4 5 9
2 45 9983 10 4 1 0 44.00
7 40 894.78
6 13 43
3 32.01 31.96
1 24 4996 L
2 42 11761 3 1 1 2 63.81
3 89.28 86.68
5 18 22
6 22 7
4 2 4
3 20.60 67.23
6 49 20
7 12 713.47
2 24 6865 8 2 2 5 100.05
4 38 44
4 10 8
6 48 48
6 15 17
7 3 854.64
5 35 22
5 8 23
6 23 10
5 32 39
5 0 4
1 31 2372 
5 25 37
6 12 9
4 12 37
3 86.84 49.00
6 25 25
4 43 4
7 6 943.11
6 48 29
6 20 19
3 82.61 31.74
5 35 52
1 31 2302 R
3 19.31 57.62
4 41 49
7 50 347.29
1 38 1126 R
7 34 673.54
2 44 6289 10 3 3 4 30.26
5 41 11
4 41 31
6 16 29
1 6 5956 R
3 88.89 55.63
2 12 11045 5 0 4 2 36.73
7 41 703.04
2 20 11882 5 0 3 4 24.04
4 28 23
3 39.28 8.50
7 3 276.79
4 35 12
7 25 425.78
1 17 1669 R
6 41 17
1 19 5596 L
6 45 48
1 6 3257 L
7 33 981.50
5 29 52
1 10 3747 
6 26 31
7 23 992.12
4 29 7
3 27.77 61.27
4 7 58
4 31 28
6 42 17
7 39 41.55
5 17 42
4 23 56
5 15 47
4 17 23
4 25 36
6 14 49
4 6 40
6 25 42
6 6 37
5 28 26
1 27 5864 R
4 4 16
6 19 43
4 3 37
5 9 23
6 7 39
4 14 49
6 36 45
1 27 255 
7 47 987.14
4 50 21
3 4.56 37.42
7 7 520.37
1 4 2445 R
6 42 52
3 66.43 99.44
4 52 8
2 46 4064 0 1 2 1 26.58
2 49 11799 9 5 3 0 23.99
3 54.84 59.61
4 44 10
2 26 7901 8 1 5 2 41.21
5 22 24
3 28.54 41.12
1 11 1138 
4 14 26
5 54 47
1 6 5709 
3 63.91 26.10
4 24 10
5 47 16
5 13 16
5 12 8
6 49 14
6 56 29
2 10 2047 3 0 1 3 25.28
7 0 853.81
5 17 50
4 52 17
5 12 35
6 20 49
1 59 2082 L
3 31.41 86.29
1 17 1810 L
1 20 1731 R
3 38.40 53.21
1 3 3578 R
7 1 232.48
6 47 57
2 9 152 10 5 4 1 90.33
5 54 58
2 17 11559 10 3 0 2 72.67
6 11 59
7 12 825.43
5 40 46
6 38 22
5 12 24
3 92.67 27.74
4 54 61
4 8 38
4 53 3
6 38 5
4 25 14
2 0 7451 2 1 2 4 25.42
5 58 26
5 39 67
6 10 46
7 6 777.60
6 43 51
4 49 26
6 44 31
3 5.12 39.20
5 20 29
1 50 103 L
2 54 1135 0 0 3 2 28.42
3 18.34 45.02
4 46 15
2 20 450 9 1 5 1 7.95
5 56 28
3 0.50 2.23
2 33 10043 0 4 3 1 82.35
6 57 48
1 11 3378 L
3 92.35 10.58
1 19 615 R
5 15 45
1 37 3217 R
6 9 36
5 23 15
5 28 61
4 30 23
1 10 1253 R
1 29 1996 L
1 1 382 R
4 7 20
5 1 9
6 63 67
2 17 534 1 3 2 1 77.87
7 0 417.80
6 43 15
7 36 766.66
6 36 21
1 41 5359 R
2 3 4399 6 2 0 3 81.58
1 17 426 L
4 44 19
4 55 11
1 0 4306 R
6 27 18
1 54 4843 R
6 15 10
3 23.75 24.37
6 20 38
4 10 58
3 47.86 92.45
6 13 13
4 49 15
2 4 2128 9 0 1 4 97.67
3 81.19 14.13
4 6 47
5 0 65
7 47 703.16
3 7.52 97.05
2 35 2978 9 0 5 4 84.64
3 5.81 1.92
3 18.17 51.39
4 37 56
4 49 65
7 67 427.17
1 51 1770 
6 7 23
3 43.96 63.78
5 39 16
5 60 61
2 46 1254 5 5 5 0 0.53
2 19 601 5 1 2 2 1.13
2 67 10335 6 1 5 3 63.83
7 9 671.06
3 44.20 32.43
3 6.32 54.33
3 9.59 57.14
4 11 33
3 47.88 17.19
2 50 2189 4 5 3 0 22.30
1 17 3384 L
6 22 58
3 53.64 89.05
6 55 40
4 31 68
2 37 8408 3 5 2 3 36.86
6 4 75
3 58.11 92.74
5 52 62
7 18 895.53
6 18 28
3 58.95 23.95
3 79.65 18.26
1 45 167 R
4 22 36
4 66 58
1 38 775 L
1 1 2802 
3 88.55 16.53
2 24 198 3 5 3 2 18.80
5 68 3
5 41 42
1 65 1192 R
5 39 62
4 30 30
2 20 11279 3 2 5 3 79.27
2 63 5223 8 0 2 1 93.21
6 12 71
7 17 86.76
3 10.91 39.02
1 0 1104 R
4 17 13
5 68 39
1 46 2122 L
4 14 19
2 2 4212 3 5 5 5 34.34
1 36 5130 
1 73 226 
5 38 53
5 64 3
7 17 557.59
4 46 1
5 65 82
4 74 38
4 21 80
6 57 77
2 22 8415 9 4 3 2 85.34
4 28 73
2 26 6078 8 2 5 5 28.47
3 51.58 72.98
5 71 54
5 51 77
2 72 10354 3 2 3 1 81.43
3 53.42 32.28
3 49.03 72.11
3 39.66 75.23
2 83 1471 5 3 0 4 58.62
5 15 1
6 56 83
6 27 9
6 17 5
2 51 7627 10 1 0 3 50.04
7 61 141.11
5 43 32
6 80 16
1 43 4298 
2 7 6118 3 0 3 3 57.25
2 87 8636 7 1 2 3 83.82
4 76 28
3 81.17 41.07
2 24 3873 10 1 3 5 29.33
5 34 52
4 42 28
1 43 1928 L
7 54 41.99
2 9 4593 4 1 1 5 40.63
1 15 268 R
2 74 5420 8 1 1 1 17.78
1 12 3909 L
7 46 132.24
6 28 14
5 81 3
1 60 2160 
6 48 79
4 46 45
6 36 81
1 39 4237 
7 39 548.97
1 34 2326 
7 42 866.54
7 18 660.35
1 57 4232 R
6 27 13
5 2 17
5 12 10
7 1 257.60
3 5.38 65.91
1 16 120 
7 78 154.87
2 42 667 8 2 1 4 57.67
3 7.43 74.47
6 37 54
2 30 5854 8 5 2 3 4.87
5 69 74
6 59 73
6 36 22
3 44.03 75.06
1 57 3574 R
3 10.59 78.17
3 66.31 31.24
7 16 701.83
5 66 68
7 51 225.08
4 23 53
5 22 23
6 61 10
7 79 425.69
3 23.82 58.19
6 38 77
5 43 78
4 23 84
7 32 446.01
3 24.11 41.59
4 72 18
4 48 14
6 24 80
2 94 9194 1 2 4 0 1.80
7 8 590.68
4 82 31
4 80 29
2 25 9655 9 3 1 2 41.49
7 26 487.04
4 22 74
4 50 77
2 91 1384 7 0 3 3 29.70
1 32 5228 R
2 62 2314 8 0 5 4 95.86
2 6 10717 1 3 3 1 20.65
1 53 2607 
6 69 86
4 35 71
5 60 54
2 78 6832 0 5 5 0 0.40
4 84 56
7 64 309.91
1 25 699 L
4 75 23
7 35 884.12
7 6 682.85
5 46 36
1 73 5227 L
2 2 1510 8 3 0 2 69.39
3 2.40 16.62
3 2.12 47.60
4 56 61
2 74 4178 0 4 0 2 39.04
2 18 11799 4 0 4 2 48.98
3 78.55 93.63
3 8.46 17.07
6 33 20
5 7 59
3 48.94 10.13
1 67 2407 L
